# teste A
octave:17> inv(W)*b
ans =

   0.492308
   0.015385
   0.476923
   0.030769
   0.461538
   0.046154
   0.446154
   0.061538
   0.430769
   0.076923
   0.415385
   0.092308
   0.400000
   0.107692
   0.384615
   0.123077
   0.369231
   0.138462
   0.353846
   0.153846
   0.338462
   0.169231
   0.323077
   0.184615
   0.307692
   0.200000
   0.292308
   0.215385
   0.276923
   0.230769
   0.261538
   0.246154
   0.246154
   0.261538
   0.230769
   0.276923
   0.215385
   0.292308
   0.200000
   0.307692
   0.184615
   0.323077
   0.169231
   0.338462
   0.153846
   0.353846
   0.138462
   0.369231
   0.123077
   0.384615
   0.107692
   0.400000
   0.092308
   0.415385
   0.076923
   0.430769
   0.061538
   0.446154
   0.046154
   0.461538
   0.030769
   0.476923
   0.015385
   0.492308

# teste B
octave:6> x = linsolve(W,b)
x =

    56.358
   -45.875
   -43.489
   -48.577
   -30.140
    89.812
    48.714
    59.239
    11.446
   109.163
   -72.873
   -54.363
   -51.444
   -25.015
    98.572
   218.659
   298.400


# teste C
octave:14> inv(W)*A
ans =

     0   -32   -64
     1     1     2
     1    34    68
     0     2     4
     0   -30   -60
     1     3     6
     1    36    72
     0     4     8
     0   -28   -56
     1     5    10
     1    38    76
     0     6    12
     0   -26   -52
     1     7    14
     1    40    80
     0     8    16
     0   -24   -48
     1     9    18
     1    42    84
     0    10    20
     0   -22   -44
     1    11    22
     1    44    88
     0    12    24
     0   -20   -40
     1    13    26
     1    46    92
     0    14    28
     0   -18   -36
     1    15    30
     1    48    96
     0    16    32
     0   -16   -32
     1    17    34
     1    50   100
     0    18    36
     0   -14   -28
     1    19    38
     1    52   104
     0    20    40
     0   -12   -24
     1    21    42
     1    54   108
     0    22    44
     0   -10   -20
     1    23    46
     1    56   112
     0    24    48
     0    -8   -16
     1    25    50
     1    58   116
     0    26    52
     0    -6   -12
     1    27    54
     1    60   120
     0    28    56
     0    -4    -8
     1    29    58
     1    62   124
     0    30    60
     0    -2    -4
     1    31    62
     1    64   128
     0    32    64
     
# teste D (OBS no python queremos as n -p linhas)

octave:9> x = linsolve (W,A)
x =

     2.88155    56.35781   112.71562
    -1.83376   -45.87485   -91.74970
    -1.51399   -43.48902   -86.97805
    -1.52191   -48.57655   -97.15310
    -0.45379   -30.14020   -60.28040
     5.85670    89.81212   179.62424
     3.42193    48.71365    97.42730
     3.65656    59.23925   118.47849
     1.20368    11.44636    22.89271
     6.12534   109.16274   218.32547
    -2.47971   -72.87275  -145.74551
    -1.47793   -54.36289  -108.72579
    -1.20390   -51.44442  -102.88883
     0.12841   -25.01481   -50.02963
     6.50159    98.57194   197.14388
    11.49106   218.65886   437.31772
    14.58053   298.40023   596.80046
